0.199834	0.189684	0.60734	0.42289	0.543045	0.907889	0.162325	0.362902	0.00565306	0.960214	0.771485	0.638287	0.764788	0.203264	0.421069	0	0	0.804443	0.0568132	0.0707338	0.585747	0	0.883165	0.174155	0	0.22722	0.728611	0	0.457789	0.534291	0.813819	0.253064	0.739933	0.917057	0.201959	0.758195	0.160432	0.887031	0.54582	0.0687982	0.216096	0.183528	0.427686	0.737073	0.0695407	0.696715	0	0.5865	0	0.776993	0.475981	0.501903	0.594247	0.425497	0.525719	0.611237	0.961766	0.855772	0	0.944835	0.670797	0.916294	0.523592	0.640006	0.298815	0.435953	0	0	0.703969	0.318817	0.381611	0.755318	0.567685	0.624601	0.887861	0.201783	0.842949	0.388163	0.898799	0.0934777	0.939003	0.518933	0.815435	0.961424	0.00135783	0.694674	0.0030907	0.404098	0.0874688	0.797152	0	0	0.260727	0.706102	0	0.0227987	0	0	0.774846	0.424085	
0.189684	0.859417	0.341065	0.227387	0.541354	0	0.972424	0.926169	0.00814441	0	0.298499	0.593547	0.338085	0.902067	0.85948	0.250492	0.340478	0.304214	0.13812	0.687827	0.507799	0	0.0681998	0.856656	0.00488713	0.384314	0.631665	0.695691	0.589172	0.627904	0.144756	0.450388	0.795229	0.473618	0.128548	0.949706	0.034409	0	0.0834976	0.0369036	0	0.279829	0	0.871122	0.447007	0.458297	0.587571	0	0.0915392	0.877634	0.0732346	0.469101	0	0.028757	0.437418	0.993908	0	0.746185	0.31124	0.46791	0	0.628137	0.860827	0.259246	0.466512	0.386551	0.498104	0	0.568215	0.487431	0	0.993194	0.229469	0.593623	0.0855522	0.259272	0.0673833	0.257699	0.888391	0.845267	0.233168	0.0135999	0.861596	0.359535	0.711735	0	0.121392	0.872813	0.895092	0.938002	0.228193	0.139689	0.592605	0.3939	0.500773	0	0	0.980563	0	0.165605	
0.60734	0.341065	0.644794	0.19573	0.89641	0	0.955288	0.48223	0.390246	0.0140931	0.532404	0	0.62288	0	0.645896	0.231095	0	0.588112	0.527434	0.153916	0.724992	0.871632	0.607416	0.438796	0.588366	0.586074	0	0.433435	0.465281	0.244173	0.00569887	0	0.42896	0.0861604	0	0.0101775	0	0.956954	0.608821	0.648402	0.957975	0.240222	0.0954465	0	0.536326	0.0355906	0.555123	0.886235	0.115969	0.246941	0.967236	0	0.00891506	0.595315	0.81492	0.334899	0	0.140499	0.158856	0.879866	0.558367	0.0953768	0.533012	0.35256	0.773042	0.593421	0.356907	0.585182	0.983914	0.667682	0.415876	0.648027	0.0651713	0.433369	0.603665	0.139759	0.114402	0.75193	0.176574	0.241787	0.0956815	0.650459	0	0.419425	0.857374	0.491336	0.0843705	0.93397	0	0.972089	0.698522	0.0314599	0.0737709	0.835405	0.72157	0.835713	0	0.850766	0.0498575	0.554362	
0.42289	0.227387	0.19573	0.545886	0.703861	0.94317	0.996683	0.321473	0	0.0511352	0.806467	0.112563	0	0	0.601399	0.55206	0.78962	0.811117	0.799185	0.655248	0.0495648	0.22476	0.283199	0.206836	0.653457	0.260687	0.489655	0.953043	0.972852	0	0.931307	0.74849	0.148048	0.567841	0.98285	0	0	0.298964	0.772646	0.25611	0.932697	0	0.886564	0.212977	0.446801	0.671147	0.815987	0.214377	0.0983373	0	0.217816	0.859593	0.329125	0.027629	0.702286	0	0.899156	0.722471	0.899935	0.227166	0.524106	0.841989	0.1202	0.494206	0.177794	0.0562097	0.706108	0.0584915	0	0.83136	0.652903	0	0	0.0348338	0	0.25416	0.757839	0.89845	0	0.957112	0.972448	0.342871	0.521067	0.638244	0.589276	0.343006	0.773452	0	0.216471	0.972609	0.786201	0.912215	0.72309	0.509805	0.278839	0.278581	0.582431	0	0.0765093	0.421006	
0.543045	0.541354	0.89641	0.703861	0.450115	0.0920687	0.640469	0.0240273	0.972323	0.491146	0	0.931139	0.278267	0.222115	0.339757	0.644079	0.28735	0.730801	0.170903	0.943035	0.399263	0.916603	0.69765	0.0185996	0	0	0.203676	0.638591	0.666326	0.39128	0.443066	0.874223	0.433295	0.0987266	0.175239	0.814189	0	0.193202	0.328827	0	0.616421	0.624363	0	0.269011	0.596665	0.559678	0.393227	0.944784	0.824034	0.714472	0.670667	0	0.67922	0.959927	0.959381	0	0.910356	0.775334	0.791578	0.607727	0.664086	0.948002	0.808362	0.0596416	0.211859	0	0.268712	0.464039	0.98668	0.765974	0.772207	0.127965	0.475354	0	0.135366	0.6809	0	0.342661	0.416935	0.531132	0	0.380149	0.313334	0.21327	0.0713506	0.382938	0.866473	0.0296678	0.202555	0	0.472321	0.242124	0.333373	0.605429	0.975845	0	0.488248	0.555444	0.785824	0	
0.907889	0	0	0.94317	0.0920687	0.846304	0.461446	0.408064	0.0983652	0.462018	0.236464	0.826307	0.703138	0.991203	0	0.472713	0.523948	0.0751025	0.925437	0.73372	0.739022	0.195803	0.56743	0.938308	0.968778	0.857347	0.824499	0.865414	0.959609	0.194814	0.646346	0.405636	0.379573	0.824837	0.476575	0.890083	0.91189	0.820192	0.0148539	0	0.773204	0.156694	0.167322	0.471568	0.985621	0.542992	0.605	0.059691	0.748798	0.65803	0.576547	0.889635	0.168126	0.109633	0.307503	0.437773	0.76984	0.28023	0.944331	0.985246	0.577579	0.608759	0.598641	0.253749	0.0343957	0.132615	0.336928	0.545005	0.248224	0.827804	0.911495	0.837006	0.0184357	0.833349	0	0.0368342	0.203715	0.749463	0.544418	0.676158	0.874943	0.215551	0.121	0.653497	0.856351	0.524126	0.899776	0.974009	0.217865	0.945192	0.0769791	0.88348	0.474215	0.423032	0.835027	0.268504	0	0.469393	0	0	
0.162325	0.972424	0.955288	0.996683	0.640469	0.461446	0.382018	0.41377	0.160765	0.502746	0.294435	0.12544	0.431565	0	0.132285	0	0.826679	0.870475	0.789207	0.60295	0.431527	0.265302	0	0.905419	0	0.864803	0.46378	0.0581095	0	0	0.458133	0.457754	0.441575	0	0.72221	0.570726	0.338999	0.921153	0.40122	0.625135	0	0.52698	0	0.0415927	0.894236	0.891884	0.778361	0.123397	0.0693676	0.0270403	0.278785	0.0330676	0.37937	0.283299	0.864673	0.639506	0.41996	0	0.632345	0.239877	0.490461	0	0.597655	0	0	0.321983	0	0.479404	0.844654	0.898548	0.196397	0.934709	0.253403	0.817887	0.595242	0.708909	0.507002	0.743221	0.362557	0.89971	0.868745	0.0652398	0	0.380747	0.335911	0	0.22786	0.00433507	0	0.596268	0.828096	0.4215	0	0	0.507435	0.448455	0.366162	0.258872	0.22664	0.976789	
0.362902	0.926169	0.48223	0.321473	0.0240273	0.408064	0.41377	0.534832	0.924451	0.289485	0.057191	0.0683709	0.516416	0.0849707	0.416459	0.0683395	0.145674	0	0	0.409817	0	0.412894	0	0.123381	0.811064	0.443017	0.533427	0.89894	0.104266	0	0.353639	0.351859	0.120178	0.161653	0.569111	0.814805	0.875033	0.458422	0	0.348575	0.464536	0	0.041921	0.0343319	0.14234	0	0.740467	0.0765928	0.278192	0.740527	0.339554	0.456525	0.363667	0.668249	0.839206	0.699246	0.580368	0.571357	0.923501	0.628693	0.965852	0	0.877764	0	0.745949	0.662352	0.629723	0.875414	0	0.0461097	0.467517	0.0698001	0.141336	0.607891	0.0681345	0.0482712	0.714242	0.0980367	0.307986	0.958465	0	0.671164	0.398582	0.652421	0.230238	0.531049	0.539719	0.715107	0.0799604	0	0.504811	0	0.892422	0.487999	0.164029	0.497838	0.749369	0.935976	0.230748	0	
0.00565306	0.00814441	0.390246	0	0.972323	0.0983652	0.160765	0.924451	0.389282	0.0169663	0.117145	0.990139	0.240424	0.171705	0	0.684909	0.0370242	0.839254	0.429086	0.970145	0.458968	0.21517	0.565197	0.760343	0	0.456173	0.584103	0.42627	0.402952	0.235628	0.51004	0.322173	0.495644	0.981929	0.651368	0.0257324	0.743706	0.0309309	0	0	0	0.301953	0.587975	0.0896119	0.344512	0.825965	0.465459	0.389587	0.195785	0.775305	0.913117	0.179369	0.442431	0.109361	0.099653	0	0.905158	0.618915	0.876351	0.676997	0.999793	0.471068	0.864255	0.375935	0.0368775	0.255211	0.544682	0.847704	0.997616	0.388713	0	0.511008	0.452378	0.873512	0.634429	0.0702215	0	0.473825	0.987539	0.569044	0.922713	0.108847	0.564261	0.627873	0.431462	0.562385	0.337845	0.965874	0.720723	0.00203002	0.0136556	0	0.132105	0.37406	0.209613	0	0.922685	0	0.940216	0	
0.960214	0	0.0140931	0.0511352	0.491146	0.462018	0.502746	0.289485	0.0169663	0.54648	0.756729	0.473887	0.987162	0	0.496537	0.748255	0	0.308971	0.53897	0.950838	0.844693	0.981993	0.0700426	0.513563	0.942114	0.99259	0.271254	0.455844	0.0143069	0.426041	0	0.0684561	0.213215	0.186278	0.193249	0.200398	0.832754	0	0.876491	0	0	0	0.726637	0.589488	0.529746	0.453817	0.829081	0.915724	0	0	0.511874	0.195512	0.551962	0.946971	0.213285	0.891534	0	0	0.587821	0.936574	0.142763	0.748179	0.0522235	0.252836	0.683308	0.916779	0.608559	0.545314	0.219656	0.508044	0.40628	0.787658	0.629908	0.19517	0.555308	0.731727	0	0.127579	0	0.847147	0.169198	0.656207	0.000999414	0.628953	0.418162	0.818943	0.488486	0.979334	0.159869	0.905913	0.666839	0.777725	0.0179204	0	0.218981	0	0.119675	0	0	0.449603	
0.771485	0.298499	0.532404	0.806467	0	0.236464	0.294435	0.057191	0.117145	0.756729	0.952125	0.728902	0.975854	0.838297	0.0309145	0.142242	0.493882	0	0.969037	0.862722	0.934119	0.242876	0.225211	0.83427	0	0	0.912525	0.813591	0.365124	0.628973	0.00213871	0.0022382	0.925648	0.379724	0.457358	0.904406	0.773472	0	0.680352	0.725999	0.378823	0.919914	0.631955	0.469365	0	0.24327	0.597648	0.571413	0.220176	0	0.981729	0.528497	0.849682	0.0999515	0	0.283444	0	0.617996	0.682458	0.178695	0	0.358125	0.88947	0.986927	0.766658	0.0839863	0	0.799532	0.250306	0.372494	0	0.811347	0.32807	0.0844231	0.193225	0.531254	0	0.00442644	0.800623	0.245829	0.738823	0	0.92424	0.141663	0.357905	0.437894	0.400258	0	0.35038	0	0.52113	0.478498	0.92756	0.587403	0.784131	0.145806	0.141825	0.905331	0.193199	0	
0.638287	0.593547	0	0.112563	0.931139	0.826307	0.12544	0.0683709	0.990139	0.473887	0.728902	0.640194	0	0	0	0	0.489819	0.16294	0.0800604	0	0.565911	0.77538	0.931616	0.273216	0.783102	0.620671	0.685687	0.644145	0.466219	0.180168	0	0.260318	0	0.357648	0.569268	0	0.544673	0.248771	0.165892	0.319302	0.160719	0.910802	0	0.265486	0	0.88522	0.682337	0.794589	0.204369	0.92581	0.878056	0.17884	0.86877	0.517541	0.0628096	0.627005	0	0.0123786	0.913182	0.716529	0.663968	0.494372	0.389193	0.455975	0.740008	0.280451	0.817635	0.203705	0.600345	0.156779	0.0849971	0.884222	0.922358	0.308929	0.0535978	0	0.997552	0.527025	0	0.747664	0.118853	0.753258	0.380143	0.465274	0.812833	0.825773	0	0.244096	0.202112	0.884423	0.895258	0.712647	0.659055	0.378148	0.206134	0.24892	0.642518	0.252854	0.202306	0.767244	
0.764788	0.338085	0.62288	0	0.278267	0.703138	0.431565	0.516416	0.240424	0.987162	0.975854	0	0.0799585	0	0.0498619	0.924838	0.685289	0.568842	0.620278	0.283214	0.746685	0.566923	0.977256	0.796123	0.383914	0	0.417807	0.260206	0.755419	0	0.87747	0.51303	0.806096	0.456724	0.461121	0.660938	0.0909617	0.088234	0.564269	0.709398	0.187383	0.647602	0.53169	0.220052	0.355033	0.812716	0.314784	0.82016	0.726741	0.791449	0	0.515773	0.18275	0	0.790645	0.852605	0.204493	0.662854	0.678106	0.0730676	0.0524855	0.285723	0.801172	0.212687	0.678569	0	0.994381	0.946009	0.27686	0.0915581	0.916559	0.908438	0.127025	0.509953	0.0199809	0.614904	0.452198	0.316071	0.469145	0.0774875	0.717442	0.850614	0.34386	0.144527	0.0854967	0.370486	0.346301	0.622391	0.0748296	0.997552	0.906416	0.517344	0.158366	0.990511	0.855995	0	0.226534	0.877946	0.398005	0.853538	
0.203264	0.902067	0	0	0.222115	0.991203	0	0.0849707	0.171705	0	0.838297	0	0	0.696569	0.90219	0.0646408	0.870046	0	0.747662	0.899709	0.4204	0.730288	0.811317	0.831169	0	0	0.379605	0.992922	0.319068	0.907409	0.986051	0.868023	0.718181	0.390233	0	0.413183	0.634661	0.0986302	0.354845	0.734559	0.861503	0.637306	0.331353	0.0738419	0.926771	0.120508	0.299919	0	0.981596	0.97417	0	0.496799	0.662911	0.0224137	0.775134	0.0538316	0.197408	0.140874	0.048851	0.893474	0.148131	0	0.46582	0.87043	0.560857	0.125775	0.494456	0.540979	0.0677855	0.255936	0.897647	0.464453	0.288565	0.137661	0	0.269047	0.201854	0.594194	0.217097	0.475879	0	0	0.411695	0.368311	0	0.727534	0.655611	0.0180426	0.9382	0.875726	0.620425	0.829906	0.28284	0.483787	0.205181	0.462641	0.439134	0.718885	0.0272502	0.570376	
0.421069	0.85948	0.645896	0.601399	0.339757	0	0.132285	0.416459	0	0.496537	0.0309145	0	0.0498619	0.90219	0.876184	0.881786	0.610092	0.165374	0	0.203592	0.720289	0.519917	0.972342	0.0538243	0.545775	0.862187	0.114664	0.442935	0.530189	0	0.548009	0.0207866	0	0.566861	0.934942	0	0.680395	0.863364	0.371379	0.979525	0.0782287	0.611275	0.456351	0.299463	0	0	0.0478438	0.156401	0.738257	0.14995	0.0380015	0.741357	0.954244	0.172416	0.742372	0.0617625	0	0	0	0.93745	0.0027904	0.513364	0	0.859104	0	0	0.240905	0.796509	0.259965	0.0682648	0.758974	0.546039	0	0.993343	0.888048	0.356706	0.319411	0.752858	0.939831	0.110049	0.252277	0.597045	0.232084	0.430595	0.474736	0	0.730718	0	0.0935685	0	0.261176	0.221814	0.0948077	0	0.619093	0.450963	0.943613	0.640074	0.518849	0.132039	
0	0.250492	0.231095	0.55206	0.644079	0.472713	0	0.0683395	0.684909	0.748255	0.142242	0	0.924838	0.0646408	0.881786	0.0750494	0.452822	0.718424	0.6522	0.373331	0.826998	0.121514	0.308077	0.697425	0.402364	0.404007	0.884231	0.266204	0.70058	0.122954	0.241872	0.920855	0.759832	0	0	0.967998	0.290926	0.462827	0.277439	0.517437	0.00610781	0.445302	0.374711	0.0208441	0	0.436933	0.11857	0.304298	0	0	0	0.121809	0.29086	0.739674	0.242516	0.981491	0.936684	0.992036	0.86019	0	0.771578	0.397228	0	0.613359	0.479419	0.946808	0	0.564996	0.944069	0.489619	0.0496843	0.269812	0.32545	0.98974	0.177988	0.183676	0.641657	0.861657	0.935223	0.0326326	0.686925	0.331958	0.1803	0.748747	0.620814	0.644366	0.0165472	0.169238	0.838455	0	0	0	0	0.952205	0.208976	0.54327	0.684373	0.251413	0.558216	0.578572	
0	0.340478	0	0.78962	0.28735	0.523948	0.826679	0.145674	0.0370242	0	0.493882	0.489819	0.685289	0.870046	0.610092	0.452822	0.912264	0.915477	0.159426	0.895597	0.943793	0.482507	0	0.929714	0.44274	0.910219	0.311755	0	0.383516	0	0.0553138	0.802489	0.753792	0.212008	0.131947	0.948837	0.355922	0.168317	0	0.395871	0	0.371223	0.885521	0.24943	0.0212395	0.959784	0.844081	0.38067	0.288071	0.317318	0.250343	0.915016	0.48838	0.0145201	0	0.729036	0.0315536	0.202616	0	0	0.0833341	0.216276	0.91415	0.976335	0.341676	0.593236	0.229114	0	0.304404	0.646776	0.967703	0.361526	0.89597	0	0.0266093	0.190025	0.757177	0.00179933	0	0.162997	0.711764	0.184905	0.867727	0.132219	0	0.118308	0.862885	0.039023	0.276181	0.598195	0	0.105223	0.604313	0	0	0.725552	0	0.516432	0.796013	0.00750741	
0.804443	0.304214	0.588112	0.811117	0.730801	0.0751025	0.870475	0	0.839254	0.308971	0	0.16294	0.568842	0	0.165374	0.718424	0.915477	0.720578	0.688933	0	0.804195	0.94602	0.427192	0.873536	0.511798	0.113276	0.0936687	0.354569	0.393317	0.241937	0	0.726237	0	0.560333	0.769528	0	0.612727	0.259357	0.300809	0.710229	0.798142	0.501299	0.795642	0.441482	0.781092	0	0.288864	0.351098	0.903049	0.0542974	0	0	0.476867	0.708705	0.514062	0.992928	0.458404	0.162476	0.695612	0.113566	0.953841	0	0.912875	0.609524	0	0.481657	0.580945	0.851806	0.575438	0.809914	0.528486	0.18676	0.714213	0.2472	0.134328	0.0541888	0.171267	0.608961	0.12481	0.777232	0.779777	0.511064	0.903099	0.0277501	0.823326	0.990385	0.336546	0.50094	0.430702	0.331997	0.401636	0.173883	0	0.980858	0	0.625636	0.470722	0.575135	0.552925	0.750985	
0.0568132	0.13812	0.527434	0.799185	0.170903	0.925437	0.789207	0	0.429086	0.53897	0.969037	0.0800604	0.620278	0.747662	0	0.6522	0.159426	0.688933	0.0722115	0.153519	0	0.5113	0.356787	0.907458	0.143951	0.352819	0.850608	0.906425	0.33787	0	0.904135	0	0.275196	0.0232701	0.00601098	0.154848	0.801912	0.483848	0.497408	0.865988	0.537843	0.183588	0.870913	0.341418	0.722844	0.485823	0	0.668086	0.858161	0.178828	0.98626	0.550495	0.805822	0.959875	0.225321	0.596022	0.652762	0.808571	0	0.456095	0	0	0.984532	0.812261	0.885924	0.545914	0.213837	0.720171	0.0346301	0.14986	0.451124	0	0.32888	0.0137946	0	0	0.0695229	0.473711	0.477797	0.951197	0.397829	0.248952	0.228266	0.386423	0.337811	0.431433	0.567274	0.830886	0.208923	0.824647	0.533545	0	0	0.452999	0.530208	0.38056	0	0.377671	0.925869	0.246741	
0.0707338	0.687827	0.153916	0.655248	0.943035	0.73372	0.60295	0.409817	0.970145	0.950838	0.862722	0	0.283214	0.899709	0.203592	0.373331	0.895597	0	0.153519	0.740844	0.479774	0	0.737633	0.212469	0.946916	0.994245	0	0.5101	0.516603	0.791879	0.0473338	0.452174	0.144409	0.849199	0.147761	0	0.390431	0.871612	0.738376	0	0.78294	0.976439	0	0.699363	0	0.523299	0.658172	0	0.429915	0.0279205	0.207158	0.181604	0.323401	0.385475	0.11087	0.811158	0.37521	0.00313302	0.329904	0.53753	0.342105	0.949011	0.817119	0.728411	0.531685	0.887932	0.521122	0.361568	0.77431	0.908529	0.120263	0.857074	0.62545	0.367625	0.346649	0.988781	0.334619	0.712183	0	0.574617	0.608163	0.863938	0.316589	0.198563	0	0	0	0.411445	0.672451	0.538909	0.901831	0.65207	0.199157	0.431779	0.298284	0.888592	0.49652	0.580696	0.889904	0.114303	
0.585747	0.507799	0.724992	0.0495648	0.399263	0.739022	0.431527	0	0.458968	0.844693	0.934119	0.565911	0.746685	0.4204	0.720289	0.826998	0.943793	0.804195	0	0.479774	0.501415	0.038215	0.276995	0	0.659352	0.533958	0.587683	0.57425	0.414123	0	0	0	0.412804	0.9074	0.0147637	0	0.278651	0.702765	0.234507	0.506747	0.343056	0.381266	0	0.494291	0.0649315	0.0863216	0.35858	0.626251	0.234251	0	0.553855	0.203504	0.617549	0.81378	0.745089	0.393435	0.268719	0	0.0535752	0.710241	0.375052	0.718545	0.774994	0.706229	0.165298	0.117081	0.912219	0	0.798926	0.319206	0.798899	0.32978	0.817665	0.204236	0.616723	0.767215	0	0	0.805017	0.0699732	0.0734538	0	0.950034	0.0252574	0	0.15821	0.877571	0.286446	0.383334	0.687129	0.622645	0.14115	0.636265	0.512087	0.767016	0.721327	0.326644	0.928845	0	0.766749	
0	0	0.871632	0.22476	0.916603	0.195803	0.265302	0.412894	0.21517	0.981993	0.242876	0.77538	0.566923	0.730288	0.519917	0.121514	0.482507	0.94602	0.5113	0	0.038215	0.732104	0.409235	0.749848	0.688768	0.40732	0.698683	0.239492	0	0.256673	0.52085	0.393366	0.219077	0	0.530055	0.842388	0.555972	0.662933	0.869295	0	0.816235	0.488474	0	0.793878	0.79586	0.469105	0.613695	0.309525	0.485534	0.687579	0.421244	0	0.986852	0.29515	0.769934	0	0.527565	0	0.829581	0.439772	0.706085	0.994154	0.595336	0	0.506558	0.752874	0.867478	0.496722	0.644576	0.865133	0.240109	0.0680277	0.547129	0.968546	0.559012	0	0	0.0987563	0.818407	0.546977	0.812087	0.40297	0.6356	0.10704	0.462579	0	0.724166	0	0	0.0963698	0.613682	0.456974	0.782968	0.896041	0.566621	0.213354	0.811319	0	0.164515	0	
0.883165	0.0681998	0.607416	0.283199	0.69765	0.56743	0	0	0.565197	0.0700426	0.225211	0.931616	0.977256	0.811317	0.972342	0.308077	0	0.427192	0.356787	0.737633	0.276995	0.409235	0.576776	0.526791	0	0.944029	0.5631	0.871452	0.49167	0.507602	0.0781304	0.788823	0.00174159	0.473031	0.895942	0.828802	0.93366	0.322482	0.0715072	0	0.976147	0.153288	0.278211	0.728636	0.0728308	0.150336	0.751224	0.600108	0.831189	0.18755	0.922338	0.334756	0.327024	0	0.656929	0.804069	0.576876	0.53825	0.830845	0.463295	0.0640594	0.82075	0.925144	0.951907	0.529435	0.0762729	0.928601	0.708671	0.134632	0.234926	0.53892	0.398896	0	0.466339	0.268124	0.400707	0.832513	0.883197	0	0	0.995374	0.33537	0.649751	0	0	0	0.671095	0.703953	0.60193	0.932303	0.0385009	0.687653	0.655301	0.568354	0.663776	0.380848	0.0956538	0.634579	0.686665	0.363229	
0.174155	0.856656	0.438796	0.206836	0.0185996	0.938308	0.905419	0.123381	0.760343	0.513563	0.83427	0.273216	0.796123	0.831169	0.0538243	0.697425	0.929714	0.873536	0.907458	0.212469	0	0.749848	0.526791	0.267805	0.407619	0.789261	0.3687	0.212571	0.468399	0	0	0.41761	0.503414	0.289321	0.910536	0.976257	0.206431	0	0.771464	0.338604	0.98818	0	0.574126	0.569864	0.486932	0	0.709745	0.262219	0.497836	0.579593	0.76122	0.878328	0.19595	0.0609502	0.369541	0.440876	0	0.988474	0	0.084258	0.505334	0.563238	0.0665791	0.539311	0.773096	0.768058	0.346865	0	0.23309	0.753443	0.587362	0.590655	0.458974	0.616272	0.860982	0.706473	0.660836	0.177237	0.353879	0	0	0.661611	0.347186	0.0960481	0.253718	0	0.245121	0.952528	0.528071	0.298201	0.34152	0.158406	0.860794	0.361297	0.0869974	0.741629	0.865434	0.7059	0	0.541328	
0	0.00488713	0.588366	0.653457	0	0.968778	0	0.811064	0	0.942114	0	0.783102	0.383914	0	0.545775	0.402364	0.44274	0.511798	0.143951	0.946916	0.659352	0.688768	0	0.407619	0.700892	0	0.0157388	0.00622579	0.0413827	0.374346	0.0900373	0	0.901496	0.823414	0.318345	0.545079	0.597083	0.38149	0	0.297795	0.80078	0.125014	0.223496	0.388356	0.503071	0.817688	0.209618	0.981176	0.792339	0	0.86199	0	0	0.251336	0.0838209	0.353882	0.337712	0.0614068	0.236129	0.225003	0.317805	0.114415	0.984448	0.31599	0	0.548251	0.998411	0.749251	0.73169	0.841852	0.147526	0.16689	0.298385	0	0.903098	0	0.28108	0.105124	0.59428	0	0.745093	0.552759	0	0.729372	0.363561	0	0.71747	0.904306	0.133432	0.708018	0.445789	0.682467	0.508787	0.20903	0.53049	0	0.559744	0.859717	0.312921	0.677725	
0.22722	0.384314	0.586074	0.260687	0	0.857347	0.864803	0.443017	0.456173	0.99259	0	0.620671	0	0	0.862187	0.404007	0.910219	0.113276	0.352819	0.994245	0.533958	0.40732	0.944029	0.789261	0	0.725799	0.805838	0.230908	0.531243	0.954931	0.955896	0.663317	0.066677	0.014103	0.541518	0.315374	0.28166	0	0.37155	0.4809	0	0.541415	0	0.684864	0	0.722125	0.208258	0.78124	0.608161	0.147329	0.326176	0.784145	0.880847	0.216158	0.133395	0.932742	0	0.102408	0.88818	0.959117	0.625032	0.152902	0.00300736	0.152538	0.678111	0.155553	0.953481	0	0.0895694	0.75916	0.454425	0.178924	0.668896	0.157983	0.831302	0.0339837	0.790235	0.662328	0.712711	0.106835	0	0.472598	0.385176	0.708588	0.902275	0	0.958059	0.831399	0.505776	0.849552	0.305053	0.057234	0.789811	0.638891	0.236387	0	0.181578	0.234303	0.945871	0.464699	
0.728611	0.631665	0	0.489655	0.203676	0.824499	0.46378	0.533427	0.584103	0.271254	0.912525	0.685687	0.417807	0.379605	0.114664	0.884231	0.311755	0.0936687	0.850608	0	0.587683	0.698683	0.5631	0.3687	0.0157388	0.805838	0.484232	0.619387	0.212393	0.615329	0.0620893	0.122624	0.465349	0	0.123794	0.113182	0.284459	0.520896	0.735733	0.747264	0.411308	0	0.0903733	0.828982	0.19304	0.935114	0.0769243	0	0.399067	0.179062	0.0522114	0.81687	0.571186	0.907623	0	0.74767	0.429821	0.320244	0.775384	0.492934	0.301384	0.221653	0.110704	0.939274	0	0.709385	0.482305	0.140014	0.539996	0.909112	0.221057	0.680491	0.095945	0.157391	0.0601654	0.501365	0.819509	0.270587	0.771478	0.26162	0.195696	0.396768	0.895118	0.995678	0.6843	0.896272	0.656846	0.35785	0.990381	0.717623	0.0336918	0.924948	0.424253	0.0528994	0	0.489984	0.321151	0.583504	0.303961	0.0832698	
0	0.695691	0.433435	0.953043	0.638591	0.865414	0.0581095	0.89894	0.42627	0.455844	0.813591	0.644145	0.260206	0.992922	0.442935	0.266204	0	0.354569	0.906425	0.5101	0.57425	0.239492	0.871452	0.212571	0.00622579	0.230908	0.619387	0.331495	0	0.660155	0.564299	0.0523052	0.894341	0.556831	0.172223	0.712025	0.217526	0.487911	0.589466	0.617601	0	0.504833	0.213778	0.38191	0	0.645659	0.685395	0.380642	0.516937	0	0.103713	0.774311	0.377512	0	0.342165	0.262861	0.364057	0.241286	0.729374	0.622924	0.757825	0.522928	0.144911	0.413238	0.458288	0.217792	0.184777	0	0.858554	0.85614	0.861008	0	0.547125	0.283939	0.0227973	0.615393	0	0.0128618	0.77949	0.93735	0.954847	0.725624	0.919603	0	0.369913	0	0.384816	0	0.429675	0.162643	0	0.137117	0.796751	0.343071	0.113817	0.257861	0	0.158824	0.519408	0.355828	
0.457789	0.589172	0.465281	0.972852	0.666326	0.959609	0	0.104266	0.402952	0.0143069	0.365124	0.466219	0.755419	0.319068	0.530189	0.70058	0.383516	0.393317	0.33787	0.516603	0.414123	0	0.49167	0.468399	0.0413827	0.531243	0.212393	0	0.321921	0	0.847759	0.405736	0.582781	0.180983	0.586178	0.432864	0.925838	0.372936	0.575078	0.513882	0.0099774	0.282918	0.809377	0.397281	0.608808	0.811732	0.479914	0.816215	0.26844	0.149787	0.258096	0.264945	0.48101	0.0587259	0.227341	0.459559	0	0.0486023	0.0456052	0.169242	0.830459	0.258446	0.236278	0.19791	0.273537	0.605693	0.940003	0.823704	0	0	0.828211	0.810615	0	0.572588	0.802237	0.609037	0.708113	0.547722	0.859378	0.0980675	0	0.781085	0	0.382121	0.203797	0.321129	0.993343	0.129864	0	0.0936245	0.46274	0.650619	0.757963	0.215177	0.454405	0.243873	0	0	0	0.689854	
0.534291	0.627904	0.244173	0	0.39128	0.194814	0	0	0.235628	0.426041	0.628973	0.180168	0	0.907409	0	0.122954	0	0.241937	0	0.791879	0	0.256673	0.507602	0	0.374346	0.954931	0.615329	0.660155	0	0.339688	0.426433	0.197862	0.799399	0.506833	0.286637	0.950758	0.322017	0	0	0.394607	0.293089	0.584465	0.963379	0.606537	0.0990937	0.714643	0.951946	0.401536	0.115006	0.858691	0	0.0185132	0.920485	0.963822	0	0.750839	0.84181	0	0.285592	0.806904	0.796816	0.684864	0.142766	0.356021	0.50455	0.245409	0.610688	0	0	0	0.364875	0	0.703797	0.7927	0	0.38334	0	0.593161	0.728683	0.290073	0.887285	0.84255	0	0.0558483	0.793316	0.138216	0.471836	0.863065	0.560889	0.421746	0.679777	0.411314	0.000670499	0.959141	0.561998	0.750245	0.665536	0.980997	0.850491	0	
0.813819	0.144756	0.00569887	0.931307	0.443066	0.646346	0.458133	0.353639	0.51004	0	0.00213871	0	0.87747	0.986051	0.548009	0.241872	0.0553138	0	0.904135	0.0473338	0	0.52085	0.0781304	0	0.0900373	0.955896	0.0620893	0.564299	0.847759	0.426433	0.233516	0	0.883177	0.0962268	0.262175	0.384582	0.00840409	0.500273	0.16827	0.570256	0.0987203	0.976632	0.00775207	0.492855	0.628878	0.400883	0.521261	0	0.99499	0.323646	0.260998	0.692623	0.665325	0.0578015	0.964257	0.231241	0.671151	0.247555	0.299175	0.505353	0.531126	0.709684	0	0.00146318	0.0473086	0	0.883789	0.0297974	0.404384	0.567725	0.301206	0.482746	0	0.950582	0.477467	0.460648	0.899443	0	0.287648	0	0.396876	0.0846266	0	0.157999	0.582181	0	0.0903245	0.153069	0.798731	0.0730943	0.703805	0.580565	0.303063	0.287015	0.969223	0.36192	0.445893	0	0.724825	0.602837	
0.253064	0.450388	0	0.74849	0.874223	0.405636	0.457754	0.351859	0.322173	0.0684561	0.0022382	0.260318	0.51303	0.868023	0.0207866	0.920855	0.802489	0.726237	0	0.452174	0	0.393366	0.788823	0.41761	0	0.663317	0.122624	0.0523052	0.405736	0.197862	0	0.858312	0.353917	0.347916	1.21421e-005	0.961746	0.0608225	0	0.953569	0.592399	0.206037	0.601251	0	0.768245	0.53216	0.615532	0	0	0	0.423766	0	0.918922	0.473959	0.602537	0.234881	0	0.702138	0.744989	0.743675	0.857994	0.385102	0.637584	0	0.251504	0.166451	0.0367597	0.439174	0.472123	0.518311	0.645072	0.318268	0.27897	0	0.581058	0.517861	0	0	0.743067	0	0.245667	0.0782674	0.297508	0.23269	0.650474	0.917783	0.891393	0.221429	0.861106	0.527839	0.209915	0.675979	0.399094	0.0741584	0	0.887883	0.131115	0	0.256528	0.926089	0.966802	
0.739933	0.795229	0.42896	0.148048	0.433295	0.379573	0.441575	0.120178	0.495644	0.213215	0.925648	0	0.806096	0.718181	0	0.759832	0.753792	0	0.275196	0.144409	0.412804	0.219077	0.00174159	0.503414	0.901496	0.066677	0.465349	0.894341	0.582781	0.799399	0.883177	0.353917	0.764951	0	0.619157	0.19138	0.165346	0.118202	0.826199	0.524929	0	0.655693	0.309494	0.546453	0.292092	0.251329	0.4017	0.0401564	0.699699	0.233375	0	0.646706	0.361113	0.854864	0.633455	0.58952	0.986098	0.0600466	0.207157	0.385676	0	0.757084	0.5409	0.886328	0.137133	0.47223	0.835441	0.158914	0.41795	0.810921	0.437744	0.476508	0.944055	0.116288	0.37281	0.875721	0	0	0.0107221	0.635186	0.70807	0.0972813	0.651854	0.908439	0.842039	0.035016	0.850711	0.0397497	0.632515	0.988568	0.33414	0.686182	0.140755	0.376689	0.611453	0.504324	0.385961	0.763496	0	0.41173	
0.917057	0.473618	0.0861604	0.567841	0.0987266	0.824837	0	0.161653	0.981929	0.186278	0.379724	0.357648	0.456724	0.390233	0.566861	0	0.212008	0.560333	0.0232701	0.849199	0.9074	0	0.473031	0.289321	0.823414	0.014103	0	0.556831	0.180983	0.506833	0.0962268	0.347916	0	0.0488748	0.180208	0.725928	0	0.760392	0.701328	0.607677	0.458891	0.0405979	0	0.582295	0.284168	0.33909	0	0	0.716422	0.170625	0.361388	0	0	0.399193	0.704119	0.919777	0.317961	0	0.226045	0.0209512	0.361007	0	0.550185	0.324562	0	0.947195	0	0.0835821	0.397956	0	0.512666	0.144433	0.832865	0.513276	0.904613	0.491787	0.723596	0.334933	0.382996	0.371101	0.298017	0.159739	0.691712	0.176806	0	0.880457	0	0	0	0.320879	0.924548	0.274937	0	0.0812528	0.903922	0.482673	0.382869	0.128265	0.361978	0.252911	
0.201959	0.128548	0	0.98285	0.175239	0.476575	0.72221	0.569111	0.651368	0.193249	0.457358	0.569268	0.461121	0	0.934942	0	0.131947	0.769528	0.00601098	0.147761	0.0147637	0.530055	0.895942	0.910536	0.318345	0.541518	0.123794	0.172223	0.586178	0.286637	0.262175	1.21421e-005	0.619157	0.180208	0.179174	0.883962	0.833889	0.196277	0	0.350357	0.121354	0.823292	0.543695	0.747286	0.314621	0.00793926	0.382041	0.62347	0.791539	0.482769	0.839179	0.128116	0.680236	0	0	0.222022	0.416922	0.573183	0.64289	0.317824	0.214081	0.0326574	0.617271	0	0.113157	0.675191	0.561129	0.601023	0.578832	0.34631	0.812199	0.364401	0.728157	0.171481	0.527323	0.795362	0	0.584596	0.492667	0.629696	0.354623	0.83432	0.775061	0.321467	0.236805	0.183667	0	0.844833	0	0.0650896	0	0.816527	0.874067	0.846228	0.393747	0.370187	0	0.0584085	0	0	
0.758195	0.949706	0.0101775	0	0.814189	0.890083	0.570726	0.814805	0.0257324	0.200398	0.904406	0	0.660938	0.413183	0	0.967998	0.948837	0	0.154848	0	0	0.842388	0.828802	0.976257	0.545079	0.315374	0.113182	0.712025	0.432864	0.950758	0.384582	0.961746	0.19138	0.725928	0.883962	0.38323	0.0284305	0.861335	0.932079	0.463909	0.867065	0	0.570548	0.790165	0.695307	0.126884	0.960917	0.20157	0.546313	0.852173	0.636577	0.384032	0	0.570893	0.836849	0	0.927112	0.977889	0.863766	0.305535	0	0.169839	0.376509	0.178699	0.690616	0.243504	0.980462	0.751779	0.993633	0.199134	0.394906	0.98294	0.213222	0.709639	0.347609	0.175436	0.860686	0.858297	0.950927	0.909411	0	0.0711996	0.961663	0.725022	0.5706	0.87989	0.562879	0.436026	0	0.176661	0.519799	0.513679	0.404788	0.548472	0.427906	0.165277	0.83813	0.493893	0	0	
0.160432	0.034409	0	0	0	0.91189	0.338999	0.875033	0.743706	0.832754	0.773472	0.544673	0.0909617	0.634661	0.680395	0.290926	0.355922	0.612727	0.801912	0.390431	0.278651	0.555972	0.93366	0.206431	0.597083	0.28166	0.284459	0.217526	0.925838	0.322017	0.00840409	0.0608225	0.165346	0	0.833889	0.0284305	0.506842	0.535117	0.85423	0.198807	0.302807	0.623169	0.573712	0.0263154	0.347714	0.318791	0	0.526004	0	0.533	0.533642	0	0.326774	0	0	0.615704	0.60219	0	0.76208	0.361933	0.368023	0	0.134921	0.302843	0.913814	0.261846	0.640559	0	0.791595	0	0.658774	0.644102	0.67533	0	0.717897	0.744558	0.765624	0.842178	0.445707	0.516657	0.204827	0.151869	0.0634705	0.380664	0.0256989	0.821019	0.705342	0.171364	0.655521	0.329975	0.568062	0.966472	0.258606	0.806293	0.407359	0.222188	0.151235	0.999773	0.0435554	0.0637387	
0.887031	0	0.956954	0.298964	0.193202	0.820192	0.921153	0.458422	0.0309309	0	0	0.248771	0.088234	0.0986302	0.863364	0.462827	0.168317	0.259357	0.483848	0.871612	0.702765	0.662933	0.322482	0	0.38149	0	0.520896	0.487911	0.372936	0	0.500273	0	0.118202	0.760392	0.196277	0.861335	0.535117	0.159345	0.425483	0	0.411923	0.404338	0.117196	0.400293	0.409425	0.111923	0.976802	0.424311	0	0.949878	0.613546	0.395202	0.988061	0	0.898868	0.219901	0.921268	0.354081	0.804912	0.266242	0.123081	0.291498	0.835273	0.18839	0.240545	0.0228596	0.745965	0.449404	0.254824	0	0.24364	0.206918	0.868727	0	0.0882772	0.528611	0.202485	0.914135	0.352906	0.97393	0.595484	0	0.585426	0.0838798	0.118975	0.550392	0.926533	0.00432302	0.593561	0.312346	0.883615	0.65303	0	0.424476	0.0612696	0.607257	0.644575	0.0707636	0.265244	0.924772	
0.54582	0.0834976	0.608821	0.772646	0.328827	0.0148539	0.40122	0	0	0.876491	0.680352	0.165892	0.564269	0.354845	0.371379	0.277439	0	0.300809	0.497408	0.738376	0.234507	0.869295	0.0715072	0.771464	0	0.37155	0.735733	0.589466	0.575078	0	0.16827	0.953569	0.826199	0.701328	0	0.932079	0.85423	0.425483	0.630445	0.642079	0.430106	0.1045	0.00196704	0.700225	0	0.479231	0.395804	0.747904	0.0849047	0.745705	0.214479	0.306718	0	0	0.248799	0.756508	0.226653	0.154142	0.703004	0	0.136476	0.754153	0.553263	0.547287	0.561948	0.553483	0	0.109245	0.630573	0.441	0.985457	0.939898	0	0.634278	0	0.32425	0.600456	0.0787351	0.909187	0.706521	0.570837	0.0588409	0	0.33542	0.75572	0.957139	0.208321	0.439923	0.967108	0.601543	0	0	0.196902	0	0.720262	0	0	0.73391	0.678778	0.834752	
0.0687982	0.0369036	0.648402	0.25611	0	0	0.625135	0.348575	0	0	0.725999	0.319302	0.709398	0.734559	0.979525	0.517437	0.395871	0.710229	0.865988	0	0.506747	0	0	0.338604	0.297795	0.4809	0.747264	0.617601	0.513882	0.394607	0.570256	0.592399	0.524929	0.607677	0.350357	0.463909	0.198807	0	0.642079	0.212759	0.947581	0.0816234	0.950321	0.274479	0.50919	0.867518	0.829755	0.559357	0	0.726829	0.464628	0.792991	0	0.430301	0.259099	0.773986	0.68913	0.65392	0.237111	0.657729	0	0.482176	0.161021	0.973868	0.432377	0.352229	0.505086	0.686615	0	0.375332	0.991477	0.480372	0.0479829	0.342421	0.697974	0.777146	0	0	0.518889	0.383944	0.889505	0.711556	0.974561	0	0.480933	0.259446	0.72918	0.715693	0.937559	0.919078	0.517254	0.708382	0.903069	0.668474	0.218193	0.693128	0.873219	0.883666	0.0826929	0.445418	
0.216096	0	0.957975	0.932697	0.616421	0.773204	0	0.464536	0	0	0.378823	0.160719	0.187383	0.861503	0.0782287	0.00610781	0	0.798142	0.537843	0.78294	0.343056	0.816235	0.976147	0.98818	0.80078	0	0.411308	0	0.0099774	0.293089	0.0987203	0.206037	0	0.458891	0.121354	0.867065	0.302807	0.411923	0.430106	0.947581	0.465403	0.175556	0.0219298	0.992729	0.808281	0	0.0123616	0	0.17921	0.0322133	0.165392	0.601552	0.181603	0.75942	0.691437	0.583758	0.213764	0.880061	0.298105	0.984518	0.768335	0.780905	0.50115	0.0903737	0.909465	0.0253666	0.0578529	0.210667	0.436752	0.50838	0	0.572255	0	0.78778	0.565067	0.352706	0.823817	0.941881	0.126099	0.128176	0	0.300117	0.0152627	0.00212203	0.351873	0.951107	0.660115	0.766299	0.514267	0.751304	0.685837	0.138865	0.940146	0.34932	0.359492	0.151341	0	0.184218	0	0.496721	
0.183528	0.279829	0.240222	0	0.624363	0.156694	0.52698	0	0.301953	0	0.919914	0.910802	0.647602	0.637306	0.611275	0.445302	0.371223	0.501299	0.183588	0.976439	0.381266	0.488474	0.153288	0	0.125014	0.541415	0	0.504833	0.282918	0.584465	0.976632	0.601251	0.655693	0.0405979	0.823292	0	0.623169	0.404338	0.1045	0.0816234	0.175556	0.886398	0.808652	0	0.127956	0.632869	0.577772	0.688402	0	0.972131	0.63957	0.536998	0.729322	0.0774496	0.859846	0	0.36977	0	0.626955	0.582402	0.180591	0.768299	0.573307	0.0962854	0.163566	0.88756	0.906052	0.399402	0.0773428	0.897786	0.338535	0.591291	0.580618	0.0485755	0	0.475235	0.104336	0.805321	0.973046	0	0.530778	0.153702	0.22731	0.263954	0.709485	0.421008	0.148633	0.597994	0.658116	0.603839	0.633983	0.169459	0.229306	0.0879325	0.182228	0.187851	0.166353	0.635489	0.149607	0.929755	
0.427686	0	0.0954465	0.886564	0	0.167322	0	0.041921	0.587975	0.726637	0.631955	0	0.53169	0.331353	0.456351	0.374711	0.885521	0.795642	0.870913	0	0	0	0.278211	0.574126	0.223496	0	0.0903733	0.213778	0.809377	0.963379	0.00775207	0	0.309494	0	0.543695	0.570548	0.573712	0.117196	0.00196704	0.950321	0.0219298	0.808652	0.202747	0	0	0.0829238	0.954959	0.13482	0.0159083	0.0912633	0	0.957514	0.607373	0.0256923	0.16952	0.971111	0.837279	0.297596	0.597145	0.525073	0.726795	0.862339	0	0.730066	0.896405	0.51112	0.189011	0.315304	0.66072	0.845841	0.941231	0.00468836	0.975707	0.600923	0.107935	0.431147	0.178899	0.926102	0.746551	0.384819	0.0494685	0.701755	0.0712849	0.897894	0.489126	0.943683	0.849894	0.728022	0	0.997041	0.319145	0.00439261	0	0	0	0.480764	0	0.542607	0.0218512	0.861348	
0.737073	0.871122	0	0.212977	0.269011	0.471568	0.0415927	0.0343319	0.0896119	0.589488	0.469365	0.265486	0.220052	0.0738419	0.299463	0.0208441	0.24943	0.441482	0.341418	0.699363	0.494291	0.793878	0.728636	0.569864	0.388356	0.684864	0.828982	0.38191	0.397281	0.606537	0.492855	0.768245	0.546453	0.582295	0.747286	0.790165	0.0263154	0.400293	0.700225	0.274479	0.992729	0	0	0.255574	0	0	0.909139	0.300508	0.845351	0.832424	0.878873	0.776989	0.746182	0.612378	0.117489	0.674425	0	0.509022	0	0.814027	0.168832	0.772861	0.831111	0.673606	0.928011	0.750807	0.169484	0.970822	0.883737	0.245277	0.387863	0.492623	0.382569	0.753667	0.271453	0.71381	0	0	0.867883	0.600834	0.741502	0.113263	0.447873	0.27089	0.709639	0.198554	0	0.944331	0.270434	0	0.174118	0.381554	0.244596	0.510935	0.640929	0.885362	0.808613	0	0.911027	0.853371	
0.0695407	0.447007	0.536326	0.446801	0.596665	0.985621	0.894236	0.14234	0.344512	0.529746	0	0	0.355033	0.926771	0	0	0.0212395	0.781092	0.722844	0	0.0649315	0.79586	0.0728308	0.486932	0.503071	0	0.19304	0	0.608808	0.0990937	0.628878	0.53216	0.292092	0.284168	0.314621	0.695307	0.347714	0.409425	0	0.50919	0.808281	0.127956	0	0	0.627213	0.398118	0	0.0464109	0.115494	0.608184	0.0802809	0.948649	0.360468	0.984645	0.828906	0.599299	0	0.21461	0.183198	0.79104	0.0311379	0.654688	0.0769036	0.0261464	0	0.854125	0.785776	0.809478	0	0.922563	0.873302	0.492313	0.904126	0	0.834012	0.475577	0.131354	0.211211	0	0.759783	0.274071	0	0.925736	0.897294	0.832708	0.724658	0.259401	0.45019	0.213022	0.629884	0.522315	0.298419	0.397357	0.277404	0.47911	0	0.476917	0	0.993904	0.355163	
0.696715	0.458297	0.0355906	0.671147	0.559678	0.542992	0.891884	0	0.825965	0.453817	0.24327	0.88522	0.812716	0.120508	0	0.436933	0.959784	0	0.485823	0.523299	0.0863216	0.469105	0.150336	0	0.817688	0.722125	0.935114	0.645659	0.811732	0.714643	0.400883	0.615532	0.251329	0.33909	0.00793926	0.126884	0.318791	0.111923	0.479231	0.867518	0	0.632869	0.0829238	0	0.398118	0.604478	0.228097	0.944909	0.677603	0	0	0.490442	0	0.831175	0.437947	0.23805	0.772656	0.452572	0.744067	0.143542	0.442904	0.663285	0.0530001	0.631779	0.0878218	0.391578	0.797986	0.215394	0.655582	0.6157	0	0.0323355	0.517201	0.557067	0.223973	0.719802	0	0.308497	0.110408	0.483916	0.216647	0.6215	0.81102	0.702111	0.138662	0.878915	0.881899	0	0.0474115	0.923556	0	0.280701	0.0127556	0.663228	0	0.377159	0.0376078	0.167812	0.626416	0.540223	
0	0.587571	0.555123	0.815987	0.393227	0.605	0.778361	0.740467	0.465459	0.829081	0.597648	0.682337	0.314784	0.299919	0.0478438	0.11857	0.844081	0.288864	0	0.658172	0.35858	0.613695	0.751224	0.709745	0.209618	0.208258	0.0769243	0.685395	0.479914	0.951946	0.521261	0	0.4017	0	0.382041	0.960917	0	0.976802	0.395804	0.829755	0.0123616	0.577772	0.954959	0.909139	0	0.228097	0.258683	0.101662	0.0389611	0.0392677	0.637003	0.933229	0	0.0857033	0.971592	0.0612774	0.360928	0.822326	0.644205	0.658895	0.0679473	0.510744	0.207912	0.78285	0.0396038	0.334299	0	0.469359	0.636546	0.150097	0.0960248	0.991307	0.712017	0	0.427062	0.0306522	0.955372	0	0.0553525	0.724247	0.349806	0.580892	0	0.847495	0.540258	0.868051	0	0.705441	0.969344	0.00502889	0.291054	0.782516	0.959551	0	0	0.92686	0	0.114852	0.00829566	0.287507	
0.5865	0	0.886235	0.214377	0.944784	0.059691	0.123397	0.0765928	0.389587	0.915724	0.571413	0.794589	0.82016	0	0.156401	0.304298	0.38067	0.351098	0.668086	0	0.626251	0.309525	0.600108	0.262219	0.981176	0.78124	0	0.380642	0.816215	0.401536	0	0	0.0401564	0	0.62347	0.20157	0.526004	0.424311	0.747904	0.559357	0	0.688402	0.13482	0.300508	0.0464109	0.944909	0.101662	0.824628	0.597089	0.767336	0.81961	0	0.997137	0.598674	0.227653	0.103874	0.919542	0.715529	0.641999	0.164711	0.10532	0.671572	0.268161	0.576786	0.763844	0.62347	0.80551	0.962276	0	0.104253	0.475319	0.469759	0.662086	0.219062	0	0.286797	0.922708	0.823801	0.320323	0.896187	0.857544	0.675023	0.259847	0.361042	0.878063	0.211076	0.188268	0.786794	0	0	0.759194	0.960694	0.0316893	0.862971	0	0.642339	0	0.269111	0	0	
0	0.0915392	0.115969	0.0983373	0.824034	0.748798	0.0693676	0.278192	0.195785	0	0.220176	0.204369	0.726741	0.981596	0.738257	0	0.288071	0.903049	0.858161	0.429915	0.234251	0.485534	0.831189	0.497836	0.792339	0.608161	0.399067	0.516937	0.26844	0.115006	0.99499	0	0.699699	0.716422	0.791539	0.546313	0	0	0.0849047	0	0.17921	0	0.0159083	0.845351	0.115494	0.677603	0.0389611	0.597089	0.566871	0.98002	0.37641	0.987821	0.212548	0.578501	0.792157	0.221725	0.145443	0.454738	0.489142	0	0.359787	0.0128457	0.95986	0.186612	0.987772	0.48523	0	0.4882	0	0.838226	0.565067	0.141057	0.843987	0.732217	0.45341	0.691067	0.359262	0.0344926	0.0602612	0.488857	0.237825	0.97139	0.852195	0.112451	0.646917	0.743214	0.191539	0.638541	0.0951814	0.594183	0.595248	0	0.498623	0.789111	0.567853	0.768365	0.426504	0.596706	0.0762394	0.736718	
0.776993	0.877634	0.246941	0	0.714472	0.65803	0.0270403	0.740527	0.775305	0	0	0.92581	0.791449	0.97417	0.14995	0	0.317318	0.0542974	0.178828	0.0279205	0	0.687579	0.18755	0.579593	0	0.147329	0.179062	0	0.149787	0.858691	0.323646	0.423766	0.233375	0.170625	0.482769	0.852173	0.533	0.949878	0.745705	0.726829	0.0322133	0.972131	0.0912633	0.832424	0.608184	0	0.0392677	0.767336	0.98002	0.290587	0	0.414247	0.561335	0.698438	0.633333	0	0.184501	0.930776	0.0786874	0.977769	0.855268	0.0935965	0.753567	0	0.661735	0.777983	0.602773	0.068908	0	0.473818	0.0873275	0.356256	0.87544	0.475578	0.921791	0.671022	0.731965	0.959645	0	0	0.0266196	0.0890843	0.716819	0.797742	0.489802	0.590776	0.404535	0.912197	0.844688	0.101129	0.415284	0.293295	0.61362	0.0515882	0.718229	0	0.504128	0.0206153	0.768376	0.670132	
